0,495
0,494
0,493
0,492
0,491
0,490
0,489
26,35
0,488
0,487
0,486
0,485
52,4
52,3
52,2
52,1
52,0
51,4
51,3
51,2
51,1
51,0
50,4
50,3
50,2
50,1
50,0
49,4
49,3
49,2
49,1
49,0
0,484
0,483
0,482
48,4
48,3
48,2
0,481
48,1
48,0
0,480
0,479
0,478
0,477
0,476
47,4
47,3
47,2
0,475
47,1
47,0
0,474
0,473
0,472
46,4
46,3
46,2
0,471
46,1
46,0
0,470
45,4
45,3
45,2
0,469
45,1
45,0
0,468
0,467
44,5
44,4
44,3
44,2
44,1
44,0
43,4
43,3
43,2
43,1
43,0
42,3
42,2
42,1
42,0
0,466
0,465
14,5
14,4
14,0
41,5
41,4
41,3
41,2
41,1
41,0
0,464
0,463
0,462
0,461
40,4
40,3
40,2
40,1
40,0
0,460
0,459
34,4
0,458
0,457
0,456
0,455
0,454
0,453
0,452
0,451
0,450
0,449
0,448
0,447
0,446
0,445
39,5
39,4
39,3
39,2
0,444
0,443
39,1
39,0
0,442
0,441
0,440
0,439
0,438
0,437
0,436
0,435
0,434
